11100001010101000100	0.012658227848101266
00110000010101101001	0.012987012987012988
01111000010001011101	0.0136986301369863
11101110010100111000	0.013333333333333334
01001111000000010000	0.013157894736842105
00110000110001000001	0.014705882352941176
10111101100110100000	0.014084507042253521
01001000000011011001	0.0125
10010011010101110011	0.014084507042253521
11001100111100010001	0.012658227848101266
00011001000000100110	0.012658227848101266
00101110010001010000	0.01282051282051282
01010001100110011000	0.013333333333333334
11000110010001010001	0.013513513513513514
10100100100010101010	0.013157894736842105
01000010111100110000	0.013157894736842105
10001010101001111111	0.015384615384615385
11000000000101010000	0.0125
00010010011100011100	0.012658227848101266
01000001101010010100	0.014925373134328358
10111100011101000101	0.0136986301369863
11000111001010001101	0.0136986301369863
00110111010100000110	0.012987012987012988
11110000110110011100	0.0125
10000001110010110101	0.025
01001101000111101001	0.013157894736842105
00100001100001110000	0.01282051282051282
01011000110100001011	0.013333333333333334
01011011010010011000	0.012658227848101266
10001101001010000010	0.013157894736842105
00011001110101100110	0.0125
00001010001111101101	0.012987012987012988
10011011000011011111	0.014084507042253521
01111010101101111000	0.015151515151515152
10110111011010110000	0.0136986301369863
10100000100000110110	0.0125
00101111011001110110	0.01282051282051282
00000101001101001010	0.0125
11110000010001111000	0.0125
01110001001100010011	0.0136986301369863
10010011001101001110	0.014084507042253521
01011111011000011001	0.013333333333333334
01100011110001001010	0.017857142857142856
10101011101111001001	0.0125
01011010011111101001	0.014705882352941176
10110011000010000000	0.012987012987012988
00011000000100010011	0.012658227848101266
11001001111110110010	0.0136986301369863
10001101100100110101	0.0125
00100101001000100010	0.01282051282051282
01000111110001011100	0.016666666666666666
01101001011010011101	0.013513513513513514
11110100010101001010	0.013157894736842105
00100010110001001000	0.013888888888888888
00101010010111000101	0.022222222222222223
01101111100011000010	0.014705882352941176
00100001010000001101	0.01282051282051282
00101011101001100101	0.011904761904761904
10111010000001100011	0.0125
10001111101101101111	0.01282051282051282
01010101011011111111	0.013333333333333334
00101111110111011011	0.01282051282051282
00010011101000010010	0.01282051282051282
00100001111010000111	0.01282051282051282
01001110001000001011	0.013157894736842105
10101011101100001100	0.0125
10001010110001011001	0.014925373134328358
00110011101011000111	0.014285714285714285
00110110111101001100	0.012987012987012988
10001010001110110110	0.013333333333333334
10110101011111010001	0.013333333333333334
11011100011011110100	0.013513513513513514
01000101000100000011	0.013157894736842105
10001100001001010110	0.015625
11010010010001010101	0.01282051282051282
01010011011010010011	0.013333333333333334
01010001000111011111	0.013333333333333334
10000000001110010100	0.013888888888888888
00111110110101110010	0.0125
01111110111011000110	0.02631578947368421
01010000001100001110	0.013333333333333334
00110100101100100000	0.012658227848101266
11011010000010000101	0.0125
10001010010101110111	0.014925373134328358
10110010100010010000	0.01282051282051282
10001101101111000101	0.012658227848101266
10110001001110011100	0.012658227848101266
01100110001111110100	0.013513513513513514
01000111111010011010	0.013157894736842105
10001000000000101000	0.013888888888888888
11110011010010010101	0.012987012987012988
01000011000010110010	0.01282051282051282
10101000011010001110	0.013888888888888888
01100101110010000010	0.03125
01010111100110110010	0.012987012987012988
01000010111110011010	0.013157894736842105
11010001111101010101	0.012658227848101266
00001010000101000111	0.012658227848101266
10111011100001001101	0.013888888888888888
01000111011111010011	0.012658227848101266
11010101011100010010	0.013333333333333334
11010110110111101011	0.013513513513513514
10010010110000010000	0.014084507042253521
00110111011110111101	0.012987012987012988
11001010000110100011	0.013157894736842105
00010111101011000100	0.013333333333333334
00010001111011101001	0.012658227848101266
10101111001110100000	0.012987012987012988
10010010111011111100	0.014084507042253521
01001110100000100101	0.013157894736842105
10110011001110110101	0.012195121951219513
00010010100110011000	0.012658227848101266
00110100001110110110	0.012048192771084338
01110000011110010110	0.0136986301369863
01010100110110110101	0.012658227848101266
00010011001110110100	0.012048192771084338
00111101101011101110	0.012987012987012988
11000111110110110010	0.012987012987012988
11100110000000000100	0.013513513513513514
11011100100001101101	0.013888888888888888
10001010101100101011	0.014285714285714285
10001101101000100000	0.013157894736842105
00001001001000000101	0.0125
10110001010001100010	0.012658227848101266
01101101101100110111	0.01282051282051282
01000111100101100001	0.013157894736842105
11001011001110101100	0.012987012987012988
00100000000101110010	0.01282051282051282
11011000001100110111	0.013888888888888888
11010101010010110011	0.01282051282051282
00101000111101110110	0.01282051282051282
01010100101010110111	0.014705882352941176
00001101111100110111	0.0125
10010101100011010110	0.012658227848101266
01011001001010101110	0.013333333333333334
10001110111111010011	0.01282051282051282
11111001111010010000	0.014084507042253521
00010000001000011010	0.012658227848101266
11110101101101011010	0.0125
00100010011111111000	0.01282051282051282
10110101010100001110	0.013333333333333334
01100111110001011100	0.02
11100010000001001101	0.01282051282051282
10110000110011110001	0.0125
10110111010000100101	0.0136986301369863
00000111110011001011	0.0125
10101100011101100110	0.0136986301369863
00000110000000111001	0.0125
00110010011010010001	0.012987012987012988
10000010101100001101	0.013888888888888888
00000111110101110101	0.0125
10001101111100101010	0.013157894736842105
00010000111010000101	0.012658227848101266
11111000011111000010	0.015625
10001111111101011011	0.013888888888888888
00100011111111001011	0.01282051282051282
00011100001110010010	0.012987012987012988
00010010001000100011	0.012658227848101266
10111111101100111011	0.012987012987012988
00011110011110100010	0.012987012987012988
00000000010110110010	0.012195121951219513
11000000011001110111	0.0125
00011001111110110000	0.012658227848101266
00001011010001000000	0.011904761904761904
10001001000101010011	0.013888888888888888
01101111000011111011	0.013513513513513514
10001111101110011000	0.012345679012345678
10111000001000001001	0.013888888888888888
10000111111111101001	0.013888888888888888
10010101100100011100	0.014084507042253521
00100001010000111100	0.01282051282051282
10001001001101100000	0.013888888888888888
01010100110000011011	0.013333333333333334
00110000100010111101	0.012987012987012988
11010100111000011000	0.013157894736842105
11110111010111011100	0.0136986301369863
11110000011000110011	0.0125
11001000110101110100	0.012658227848101266
00010000001000011011	0.012658227848101266
10110011111001110010	0.012987012987012988
10111001111110100000	0.014084507042253521
01001001101100000000	0.013157894736842105
11100101100110110110	0.012345679012345678
11111001100000110001	0.014084507042253521
11001100000011100000	0.0125
00101101101101100110	0.0125
11101100010010011110	0.013157894736842105
01001000111101100111	0.013157894736842105
11110100101010000011	0.014705882352941176
10111000010000100111	0.013888888888888888
10111000111011100000	0.013888888888888888
11000010110000110101	0.013513513513513514
01000011110011011111	0.013157894736842105
11100101111001100111	0.013333333333333334
10011010100110001000	0.016129032258064516
00110000001110100111	0.014285714285714285
10010000101101011000	0.013157894736842105
